0.6200
0.6330
0.6440
0.6560
0.6680
0.6800
0.6920
0.7050
0.7160
0.7290
0.7400
0.7520
0.7640
0.7760
0.7860
0.7990
0.8120
0.8220
0.8370
0.8500
0.8630
0.8760
0.8870
0.9000
0.9120
0.9240
0.9360
0.9480
0.9610
0.9730
0.9860
0.9980
1.0110
1.0220
1.0340
1.0470
1.0600
1.0730
1.0850
1.0980
1.1100
1.1230
1.1350
1.1480
1.1600
1.1730
1.1850
1.1980
1.2110
1.2230
1.2360
1.2480
1.2610
1.2740
1.2880
1.3000
1.3130
1.3290
1.3410
1.3530
1.3110
1.3320
1.3530
1.3750
1.3980
1.4200
1.4420
1.4640
1.4860
1.5070
1.5250
1.5490
1.5690
1.5900
1.6120
1.6330
1.6550
1.6770
1.7000
1.7220
1.7440
1.7650
1.7870
1.8080
1.8310
1.8530
1.8760
1.8990
1.9220
1.9450
1.9680
1.9910
2.0120
2.0350
2.0580
2.0810
2.1040
2.1270
2.1500
2.1740
2.1970
2.2190
2.2420
2.2640
2.2860
2.3060
2.3280
2.3490
2.3700
2.3920
2.4130
2.4350
2.4550
2.4750
2.4950
2.5160
2.5360
2.5570
2.5770
2.5980
0.0000
0.0000
0.7424
0.7598
0.7872
0.8014
0.8173
0.8276
0.8382
0.8504
0.8583
0.8636
0.8714
0.8780
0.8813
0.8875
0.8921
0.8917
0.8955
0.8994
0.9003
0.9026
0.9083
0.9122
0.9129
0.9225
0.9285
0.9346
0.9444
0.9528
0.9656
0.9759
0.9871
0.9998
1.0102
1.0206
1.0386
1.0455
1.0613
1.0706
1.0844
1.0947
1.0979
1.1157
1.1201
1.1264
1.1405
1.1505
1.1656
1.1797
1.1852
1.1957
1.2032
1.2130
1.2251
1.2351
1.2409
1.2471
1.2440
0.0000
0.0000
1.2657
1.2611
1.2768
1.2944
1.2989
1.3098
1.3219
1.3422
1.3492
1.3659
1.3832
1.3915
1.4009
1.4064
1.4165
1.4228
1.4288
1.4346
1.4410
1.4485
1.4530
1.4623
1.4698
1.4713
1.4769
1.4607
1.4920
1.4944
1.5133
1.5182
1.5366
1.5520
1.5543
1.5779
1.5850
1.6039
1.6183
1.6340
1.6530
1.6687
1.6818
1.7046
1.7163
1.7351
1.7609
1.7798
1.7986
1.8216
1.8449
1.8644
1.8888
1.9197
1.9447
1.9660
1.9872
2.0038
2.0366
2.0736
0.0000
0.0000
0.0000
0.0216
0.0114
0.0018
0.0017
0.0007
0.0006
0.0012
0.0014
0.0004
0.0017
0.0013
0.0018
0.0008
0.0007
0.0009
0.0011
0.0003
0.0017
0.0011
0.0011
0.0007
0.0016
0.0023
0.0018
0.0044
0.0023
0.0014
0.0016
0.0016
0.0011
0.0008
0.0008
0.0007
0.0019
0.0007
0.0017
0.0025
0.0022
0.0035
0.0020
0.0050
0.0031
0.0039
0.0065
0.0030
0.0039
0.0053
0.0032
0.0045
0.0049
0.0040
0.0039
0.0068
0.0045
0.0051
0.0055
0.0176
0.0000
0.0000
0.0198
0.0031
0.0050
0.0075
0.0227
0.0170
0.0114
0.0052
0.0065
0.0011
0.0019
0.0023
0.0020
0.0015
0.0009
0.0004
0.0013
0.0026
0.0049
0.0032
0.0030
0.0038
0.0067
0.0112
0.0106
0.0197
0.0105
0.0079
0.0106
0.0088
0.0030
0.0034
0.0061
0.0025
0.0027
0.0010
0.0015
0.0035
0.0047
0.0020
0.0034
0.0014
0.0039
0.0030
0.0022
0.0017
0.0033
0.0042
0.0021
0.0045
0.0047
0.0056
0.0074
0.0077
0.0110
0.0115
0.0081
0.0508
0.0000