0.6200
0.6330
0.6440
0.6560
0.6680
0.6800
0.6920
0.7050
0.7160
0.7290
0.7400
0.7520
0.7640
0.7760
0.7860
0.7990
0.8120
0.8220
0.8370
0.8500
0.8630
0.8760
0.8870
0.9000
0.9120
0.9240
0.9360
0.9480
0.9610
0.9730
0.9860
0.9980
1.0110
1.0220
1.0340
1.0470
1.0600
1.0730
1.0850
1.0980
1.1100
1.1230
1.1350
1.1480
1.1600
1.1730
1.1850
1.1980
1.2110
1.2230
1.2360
1.2480
1.2610
1.2740
1.2880
1.3000
1.3130
1.3290
1.3530
1.3750
1.3980
1.4200
1.4420
1.4640
1.4860
1.5070
1.5250
1.5490
1.5690
1.5900
1.6120
1.6330
1.6550
1.6770
1.7000
1.7220
1.7440
1.7650
1.7870
1.8080
1.8310
1.8530
1.8760
1.8990
1.9220
1.9450
1.9680
1.9910
2.0120
2.0350
2.0580
2.0810
2.1040
2.1270
2.1500
2.1740
2.1970
2.2190
2.2420
2.2640
2.2860
2.3060
2.3280
2.3490
2.3700
2.3920
2.4130
2.4350
2.4550
2.4750
2.4950
2.5160
2.5360
2.5570
2.5770
2.5980
0.0000
0.0000
0.8274
0.8570
0.8512
0.8624
0.8708
0.8812
0.8883
0.9028
0.9118
0.9168
0.9248
0.9267
0.9299
0.9342
0.9342
0.9342
0.9346
0.9331
0.9337
0.9347
0.9399
0.9387
0.9413
0.9445
0.9475
0.9537
0.9602
0.9679
0.9775
0.9828
0.9933
0.9980
1.0056
1.0142
1.0269
1.0337
1.0419
1.0509
1.0585
1.0633
1.0688
1.0769
1.0921
1.0974
1.0978
1.1038
1.1176
1.1218
1.1272
1.1324
1.1371
1.1518
1.1525
1.1587
1.1633
1.1711
1.1846
1.1800
1.1766
1.1974
1.2149
1.2304
1.2359
1.2473
1.2560
1.2623
1.2701
1.2797
1.2774
1.2907
1.2906
1.2959
1.2958
1.3004
1.3043
1.3096
1.3172
1.3265
1.3328
1.3196
1.3056
1.3199
1.3245
1.3354
1.3433
1.3485
1.3363
1.3608
1.3524
1.3653
1.3680
1.3640
1.3687
1.3757
1.3829
1.3860
1.3896
1.3976
1.3987
1.4042
1.4152
1.4106
1.4152
1.4186
1.4283
1.4336
1.4382
1.4232
1.4300
1.4194
1.4047
0.0000
0.0000
0.0000
0.0000
0.0000
0.0083
0.0248
0.0072
0.0051
0.0047
0.0046
0.0044
0.0048
0.0047
0.0049
0.0081
0.0040
0.0055
0.0069
0.0074
0.0064
0.0059
0.0054
0.0042
0.0035
0.0033
0.0043
0.0053
0.0059
0.0082
0.0066
0.0064
0.0070
0.0059
0.0070
0.0061
0.0069
0.0074
0.0070
0.0042
0.0041
0.0045
0.0047
0.0078
0.0050
0.0041
0.0045
0.0038
0.0082
0.0082
0.0050
0.0063
0.0084
0.0062
0.0086
0.0108
0.0087
0.0106
0.0099
0.0112
0.0116
0.0073
0.0240
0.0117
0.0112
0.0118
0.0111
0.0114
0.0097
0.0117
0.0138
0.0142
0.0157
0.0157
0.0162
0.0182
0.0157
0.0149
0.0132
0.0133
0.0130
0.0132
0.0112
0.0154
0.0131
0.0161
0.0134
0.0161
0.0141
0.0137
0.0157
0.0176
0.0157
0.0199
0.0178
0.0215
0.0231
0.0233
0.0249
0.0220
0.0212
0.0219
0.0195
0.0159
0.0186
0.0167
0.0158
0.0137
0.0146
0.0143
0.0183
0.0184
0.0192
0.0227
0.0280
0.0394
0.0000
0.0000
0.0000