0.6330
0.6440
0.6200
0.6560
0.6680
0.6800
0.6920
0.7050
0.7160
0.7290
0.7400
0.7520
0.7640
0.7760
0.7860
0.7990
0.8120
0.8220
0.8370
0.8500
0.8630
0.8760
0.8870
0.9000
0.9120
0.9240
0.9360
0.9480
0.9610
0.9730
0.9860
0.9980
1.0110
1.0220
1.0340
1.0470
1.0600
1.0730
1.0850
1.0980
1.1100
1.1230
1.1350
1.1480
1.1600
1.1730
1.1850
1.1980
1.2110
1.2230
1.2360
1.2480
1.2610
1.2740
1.2880
1.3000
1.3130
1.3290
1.3410
1.3530
1.3110
1.3320
1.3530
1.3750
1.3980
1.4200
1.4420
1.4640
1.4860
1.5070
1.5250
1.5490
1.5690
1.5900
1.6120
1.6330
1.6550
1.6770
1.7000
1.7220
1.7440
1.7650
1.7870
1.8080
1.8310
1.8530
1.8760
1.8990
1.9220
1.9450
1.9680
1.9910
2.0120
2.0350
2.0580
2.0810
2.1040
2.1270
2.1500
2.1740
2.1970
2.2190
2.2420
2.2640
2.2860
2.3060
2.3280
2.3490
2.3700
2.3920
2.4130
2.4350
2.4550
2.4750
2.4950
2.5160
2.5360
2.5570
2.5770
2.5980
0.8024
0.8239
0.0000
0.8247
0.8282
0.8381
0.8496
0.8620
0.8726
0.8810
0.8882
0.8948
0.9039
0.9105
0.9089
0.9121
0.9095
0.9105
0.9068
0.9079
0.9080
0.9108
0.9126
0.9134
0.9242
0.9274
0.9376
0.9423
0.9524
0.9621
0.9709
0.9777
0.9882
1.0015
1.0122
1.0214
1.0279
1.0379
1.0500
1.0588
1.0659
1.0726
1.0855
1.0976
1.1063
1.1172
1.1237
1.1324
1.1379
1.1486
1.1574
1.1674
1.1701
1.1790
1.1867
1.1955
1.2025
1.2114
1.2044
1.2083
0.5244
1.2356
1.2324
1.2290
1.2267
1.2475
1.2690
1.2806
1.2928
1.3048
1.3182
1.3332
1.3398
1.3378
1.3447
1.3548
1.3555
1.3596
1.3611
1.3639
1.3713
1.3742
1.3753
1.3774
1.3772
1.3651
1.3661
1.3739
1.3862
1.4009
1.4166
1.4228
1.4327
1.4456
1.4542
1.4643
1.4736
1.4842
1.4936
1.5037
1.5144
1.5266
1.5378
1.5470
1.5568
1.5722
1.5778
1.5890
1.6001
1.6113
1.6249
1.6350
1.6477
1.6547
1.6680
1.6762
1.6775
1.6858
1.6855
2.0060
0.0000
0.0108
0.0038
0.0053
0.0033
0.0037
0.0042
0.0044
0.0039
0.0048
0.0036
0.0034
0.0020
0.0018
0.0030
0.0039
0.0023
0.0029
0.0006
0.0010
0.0013
0.0030
0.0023
0.0015
0.0017
0.0035
0.0054
0.0061
0.0029
0.0016
0.0009
0.0010
0.0009
0.0023
0.0009
0.0014
0.0027
0.0009
0.0014
0.0014
0.0010
0.0029
0.0053
0.0024
0.0042
0.0024
0.0031
0.0036
0.0027
0.0018
0.0010
0.0026
0.0015
0.0037
0.0024
0.0015
0.0029
0.0050
0.0059
0.0201
0.0129
0.0042
0.0088
0.0106
0.0096
0.0085
0.0049
0.0031
0.0011
0.0024
0.0010
0.0018
0.0018
0.0023
0.0041
0.0111
0.0108
0.0089
0.0069
0.0037
0.0024
0.0035
0.0053
0.0120
0.0095
0.0102
0.0148
0.0161
0.0098
0.0093
0.0054
0.0066
0.0068
0.0033
0.0102
0.0082
0.0085
0.0068
0.0134
0.0116
0.0086
0.0124
0.0097
0.0084
0.0096
0.0108
0.0074
0.0080
0.0087
0.0070
0.0104
0.0109
0.0080
0.0086
0.0054
0.0032
0.0074
0.0218
0.2387