0.62000.8132
0.6330
0.6440
0.6560
0.6680
0.6800
0.6920
0.7050
0.7160
0.7290
0.7400
0.7520
0.7640
0.7760
0.7860
0.7990
0.8120
0.8220
0.8370
0.8500
0.8630
0.8760
0.8870
0.9000
0.9120
0.9240
0.9360
0.9480
0.9610
0.9730
0.9860
0.9980
1.0110
1.0220
1.0340
1.0470
1.0600
1.0730
1.0850
1.0980
1.1100
1.1230
1.1350
1.1480
1.1600
1.1730
1.1850
1.1980
1.2110
1.2230
1.2360
1.2480
1.2610
1.2740
1.2880
1.3000
1.3130
1.3290
1.3410
1.3530
1.3110
1.3320
1.3530
1.3750
1.3980
1.4200
1.4420
1.4640
1.4860
1.5070
1.5250
1.5490
1.5690
1.5900
1.6120
1.6330
1.6550
1.6770
1.7000
1.7220
1.7440
1.7650
1.7870
1.8080
1.8310
1.8530
1.8760
1.8990
1.9220
1.9450
1.9680
1.9910
2.0120
2.0350
2.0580
2.0810
2.1040
2.1270
2.1500
2.1740
2.1970
2.2190
2.2420
2.2640
2.2860
2.3060
2.3280
2.3490
2.3700
2.3920
2.4130
2.4350
2.4550
2.4750
2.4950
2.5160
2.5360
2.5570
2.5770
2.5980
0.7777
0.8034
0.8026
0.8166
0.8276
0.8381
0.8509
0.8617
0.8732
0.8824
0.8908
0.8944
0.8983
0.9030
0.9088
0.9118
0.9142
0.9158
0.9196
0.9195
0.9235
0.9262
0.9301
0.9337
0.9385
0.9421
0.9479
0.9555
0.9624
0.9704
0.9793
0.9877
0.9973
1.0092
1.0198
1.0312
1.0426
1.0593
1.0715
1.0807
1.0905
1.1043
1.1157
1.1255
1.1389
1.1490
1.1573
1.1682
1.1799
1.1920
1.1998
1.2051
1.2132
1.2304
1.2362
1.2433
1.2586
1.2826
1.2949
1.1998
1.2513
1.2706
1.2776
1.2770
1.3017
1.3187
1.3397
1.3558
1.3714
1.3835
1.3949
1.4045
1.4143
1.4250
1.4369
1.4458
1.4520
1.4609
1.4729
1.4773
1.4836
1.4919
1.5021
1.5000
1.5020
1.5033
1.5190
1.5242
1.5352
1.5547
1.5673
1.5815
1.5863
1.6004
1.6089
1.6196
1.6302
1.6435
1.6553
1.6687
1.6835
1.6977
1.7095
1.7203
1.7326
1.7480
1.7587
1.7772
1.7944
1.8125
1.8298
1.8479
1.8633
1.8809
1.8993
1.9211
1.9223
2.0456
0.0000
0.3785
0.0794
0.0121
0.0052
0.0043
0.0033
0.0032
0.0048
0.0040
0.0037
0.0037
0.0037
0.0039
0.0045
0.0040
0.0042
0.0023
0.0027
0.0024
0.0036
0.0040
0.0030
0.0035
0.0025
0.0023
0.0013
0.0015
0.0009
0.0010
0.0015
0.0007
0.0012
0.0013
0.0006
0.0014
0.0009
0.0007
0.0013
0.0004
0.0012
0.0015
0.0006
0.0011
0.0008
0.0019
0.0013
0.0011
0.0031
0.0016
0.0018
0.0019
0.0015
0.0019
0.0013
0.0018
0.0015
0.0030
0.0074
0.0200
0.2430
0.1854
0.0082
0.0036
0.0112
0.0094
0.0105
0.0028
0.0023
0.0027
0.0033
0.0032
0.0021
0.0038
0.0028
0.0021
0.0029
0.0033
0.0044
0.0036
0.0042
0.0048
0.0037
0.0053
0.0064
0.0118
0.0156
0.0160
0.0153
0.0091
0.0088
0.0067
0.0037
0.0047
0.0035
0.0051
0.0057
0.0043
0.0058
0.0069
0.0074
0.0073
0.0054
0.0041
0.0069
0.0063
0.0046
0.0047
0.0034
0.0050
0.0024
0.0032
0.0021
0.0044
0.0059
0.0075
0.0055
0.0143
0.0093
0.0681
0.0000