0.6200
0.6330
0.6440
0.6560
0.6680
0.6800
0.6920
0.7050
0.7160
0.7290
0.7400
0.7520
0.7640
0.7760
0.7860
0.7990
0.8120
0.8220
0.8370
0.8500
0.8630
0.8760
0.8870
0.9000
0.9120
0.9240
0.9360
0.9480
0.9610
0.9730
0.9860
0.9980
1.0110
1.0220
1.0340
1.0470
1.0600
1.0730
1.0850
1.0980
1.1100
1.1230
1.1350
1.1480
1.1600
1.1730
1.1850
1.1980
1.2110
1.2230
1.2360
1.2480
1.2610
1.2740
1.2880
1.3000
1.3130
1.3290
1.3410
1.3530
1.3110
1.3320
1.3530
1.3750
1.3980
1.4200
1.4420
1.4640
1.4860
1.5070
1.5250
1.5490
1.5690
1.5900
1.6120
1.6330
1.6550
1.6770
1.7000
1.7220
1.7440
1.7650
1.7870
1.8080
1.8310
1.8530
1.8760
1.8990
1.9220
1.9450
1.9680
1.9910
2.0120
2.0350
2.0580
2.0810
2.1040
2.1270
2.1500
2.1740
2.1970
2.2190
2.2420
2.2640
2.2860
2.3060
2.3280
2.3490
2.3700
2.3920
2.4130
2.4350
2.4550
2.4750
2.4950
2.5160
2.5360
2.5570
2.5770
2.5980
0.0000
0.0000
1.1133
1.1155
1.1423
1.1651
1.1822
1.1969
1.2163
1.2344
1.2468
1.2579
1.2692
1.2774
1.2891
1.2962
1.3011
1.3095
1.3137
1.3230
1.3308
1.3450
1.3500
1.3604
1.3719
1.3890
1.3973
1.4119
1.4242
1.4409
1.4521
1.4655
1.4801
1.4898
1.5019
1.5193
1.5336
1.5496
1.5587
1.5738
1.5917
1.6051
1.6218
1.6349
1.6547
1.6746
1.6899
1.7113
1.7286
1.7509
1.7668
1.7750
1.7968
1.8148
1.8273
1.8513
1.8705
1.8827
1.8892
1.8904
1.3003
1.9379
1.9263
1.9379
1.9805
2.0278
2.0520
2.0799
2.1064
2.1274
2.1487
2.1770
2.1982
2.2168
2.2414
2.2640
2.2809
2.2955
2.3202
2.3365
2.3542
2.3691
2.3857
2.4010
2.4077
2.4200
2.4189
2.4600
2.4832
2.5225
2.5555
2.5819
2.6123
2.6360
2.6640
2.6887
2.7168
2.7444
2.7778
2.8178
2.8433
2.8740
2.9080
2.9429
2.9778
2.9981
3.0264
3.0698
3.1114
3.1468
3.1781
3.2228
3.2542
3.2965
3.3400
3.3606
3.3975
3.4641
3.5724
0.0000
0.0000
0.0000
0.0131
0.0111
0.0081
0.0072
0.0087
0.0073
0.0080
0.0087
0.0088
0.0095
0.0091
0.0071
0.0062
0.0078
0.0078
0.0057
0.0068
0.0048
0.0044
0.0039
0.0035
0.0029
0.0046
0.0042
0.0054
0.0056
0.0041
0.0023
0.0020
0.0014
0.0020
0.0031
0.0013
0.0023
0.0014
0.0022
0.0049
0.0092
0.0079
0.0100
0.0117
0.0089
0.0076
0.0075
0.0071
0.0063
0.0065
0.0071
0.0069
0.0083
0.0091
0.0078
0.0078
0.0085
0.0095
0.0109
0.0225
0.0880
0.4194
0.0088
0.0123
0.0232
0.0471
0.0389
0.0224
0.0196
0.0190
0.0160
0.0121
0.0142
0.0151
0.0089
0.0107
0.0112
0.0109
0.0111
0.0108
0.0109
0.0098
0.0077
0.0090
0.0116
0.0292
0.0491
0.0637
0.0548
0.0420
0.0296
0.0149
0.0095
0.0103
0.0088
0.0103
0.0092
0.0100
0.0101
0.0110
0.0112
0.0121
0.0124
0.0128
0.0122
0.0136
0.0185
0.0242
0.0243
0.0232
0.0250
0.0270
0.0304
0.0349
0.0370
0.0437
0.0558
0.0839
0.1290
0.1660
0.0000