0.6200
0.6330
0.6440
0.6560
0.6680
0.6800
0.6920
0.7050
0.7160
0.7290
0.7400
0.7520
0.7640
0.7760
0.7860
0.7990
0.8120
0.8220
0.8370
0.8500
0.8630
0.8760
0.8870
0.9000
0.9120
0.9240
0.9360
0.9480
0.9610
0.9730
0.9860
0.9980
1.0110
1.0220
1.0340
1.0470
1.0600
1.0730
1.0850
1.0980
1.1100
1.1230
1.1350
1.1480
1.1600
1.1730
1.1850
1.1980
1.2110
1.2230
1.2360
1.2480
1.2610
1.2740
1.2880
1.3000
1.3130
1.3290
1.3410
1.3530
1.3110
1.3320
1.3530
1.3750
1.3980
1.4200
1.4420
1.4640
1.4860
1.5070
1.5250
1.5490
1.5690
1.5900
1.6120
1.6330
1.6550
1.6770
1.7000
1.7220
1.7440
1.7650
1.7870
1.8080
1.8310
1.8530
1.8760
1.8990
1.9220
1.9450
1.9680
1.9910
2.0120
2.0350
2.0580
2.0810
2.1040
2.1270
2.1500
2.1740
2.1970
2.2190
2.2420
2.2640
2.2860
2.3060
2.3280
2.3490
2.3700
2.3920
2.4130
2.4350
2.4550
2.4750
2.4950
2.5160
2.5360
2.5570
2.5770
2.5980
0.0000
0.7987
0.7737
0.7966
0.7950
0.8064
0.8184
0.8319
0.8431
0.8546
0.8656
0.8715
0.8798
0.8856
0.8908
0.8942
0.8980
0.9005
0.9025
0.9055
0.9084
0.9097
0.9147
0.9197
0.9253
0.9309
0.9344
0.9455
0.9525
0.9615
0.9683
0.9782
0.9859
0.9969
1.0087
1.0200
1.0336
1.0468
1.0607
1.0741
1.0860
1.0999
1.1193
1.1299
1.1450
1.1551
1.1685
1.1831
1.1913
1.2029
1.2144
1.2256
1.2385
1.2510
1.2630
1.2749
1.2862
1.2982
1.2956
1.2962
0.0000
1.3225
1.3203
1.3286
1.3602
1.3949
1.4076
1.4249
1.4357
1.4526
1.4654
1.4793
1.4920
1.5045
1.5181
1.5308
1.5403
1.5521
1.5606
1.5706
1.5782
1.5835
1.5932
1.6009
1.6016
1.6139
1.6342
1.6637
1.6751
1.6825
1.6955
1.6908
1.6987
1.7130
1.7244
1.7401
1.7565
1.7710
1.7882
1.8074
1.8258
1.8455
1.8689
1.8933
1.9155
1.9397
1.9706
1.9968
2.0249
2.0546
2.0869
2.1199
2.1523
2.1901
2.2257
2.2596
2.2732
2.3083
2.4381
1.9265
0.0000
0.0202
0.0117
0.0033
0.0011
0.0010
0.0013
0.0005
0.0008
0.0007
0.0013
0.0010
0.0016
0.0011
0.0011
0.0017
0.0010
0.0009
0.0006
0.0011
0.0011
0.0012
0.0008
0.0010
0.0007
0.0012
0.0019
0.0023
0.0014
0.0010
0.0001
0.0006
0.0008
0.0003
0.0005
0.0007
0.0008
0.0005
0.0006
0.0005
0.0012
0.0027
0.0032
0.0027
0.0019
0.0011
0.0008
0.0014
0.0011
0.0007
0.0009
0.0016
0.0010
0.0015
0.0014
0.0019
0.0023
0.0033
0.0077
0.0436
0.0000
0.0067
0.0028
0.0061
0.0221
0.0167
0.0101
0.0071
0.0057
0.0037
0.0023
0.0016
0.0016
0.0024
0.0018
0.0037
0.0030
0.0024
0.0015
0.0019
0.0026
0.0020
0.0031
0.0065
0.0149
0.0248
0.0336
0.0307
0.0254
0.0149
0.0073
0.0040
0.0032
0.0038
0.0033
0.0033
0.0033
0.0028
0.0035
0.0037
0.0030
0.0043
0.0034
0.0030
0.0028
0.0032
0.0026
0.0039
0.0047
0.0041
0.0046
0.0052
0.0072
0.0092
0.0133
0.0192
0.0243
0.0434
0.0551
0.2869